29
0
29
0
29
0
29
0
29
0
29
0
30
0
30
0
30
0
30
0
30
0
30
0
30
0
31
0
31
0
32
0
32
0
32
0
32
0
32
0
32
0
32
0
32
0
33
0
34
0
34
0
35
0
35
0
36
0
36
0
36
0
36
0
36
0
36
0
36
0
36
0
36
0
36
0
36
0
36
0
36
0
36
0
36
0
38
0
40
0
38
0
36
0
36
0
36
0
36
0
36
0
36
0
37
0
36
0
36
0
36
0
36
0
36
0
36
0
36
0
36
0
36
0
35
0
35
0
35
0
35
0
35
0
33
0
33
0
32
0
32
0
31
0
31
0
31
0
31
0
31
0
30
0
29
0
29
0
29
0
29
0
29
0
29
0
29
0
29
0
29
0
0
0
29
0
0
0
29
0
29
0
29
0
29
0
29
0
29
0
29
0
29
0
29
0
31
0
31
0
31
0
31
0
32
0
32
0
32
0
33
0
33
0
33
0
33
0
35
0
35
0
36
0
36
0
35
0
0
0
35
0
36
0
36
0
36
0
36
0
36
0
35
0
35
0
36
0
37
0
36
0
36
0
36
0
36
0
36
0
36
0
36
0
108
0
181
0
181
0
181
0
181
0
37
0
37
0
37
0
38
0
38
0
38
0
40
0
112
0
184
0
217
0
239
0
204
0
267
0
267
0
226
0
185
0
226
0
267
0
267
0
267
0
267
0
211
0
184
0
183
0
183
0
182
0
182
0
182
0
182
0
182
0
182
0
182
0
182
0
182
0
182
0
182
0
182
0
182
0
182
0
182
0
0
0
182
0
182
0
182
0
182
0
182
0
0
0
182
0
121
0
60
0
122
0
204
0
267
0
212
0
185
0
188
0
209
0
267
0
267
0
267
0
267
0
267
0
267
0
267
0
267
0
267
0
267
0
267
0
267
0
267
0
267
0
267
0
267
0
267
0
267
0
164
0
62
0
61
0
60
0
60
0
59
0
59
0
59
0
59
0
59
0
58
0
58
0
58
0
58
0
57
0
57
0
57
0
56
0
56
0
56
0
56
0
56
0
55
0
55
0
55
0
55
0
55
0
54
0
54
0
54
0
54
0
54
0
54
0
54
0
53
0
53
0
53
0
53
0
53
0
53
0
53
0
53
0
53
0
53
0
53
0
53
0
53
0
53
0
53
0
52
0
52
0
52
0
52
0
53
0
52
0
52
0
52
0
52
0
53
0
53
0
53
0
53
0
53
0
53
0
54
0
54
0
54
0
54
0
55
0
55
0
55
0
55
0
55
0
55
0
56
0
55
0
55
0
55
0
56
0
56
0
56
0
57
0
57
0
57
0
57
0
39
0
39
0
38
0
38
0
37
0
37
0
37
0
36
0
36
0
36
0
36
0
36
0
36
0
36
0
36
0
36
0
36
0
36
0
36
0
36
0
36
0
0
0
36
0
36
0
35
0
35
0
34
0
34
0
33
0
33
0
33
0
33
0
32
0
32
0
32
0
31
0
31
0
31
0
30
0
30
0
30
0
30
0
30
0
30
0
30
0
30
0
30
0
30
0
30
0
30
0
30
0
30
0
30
0
0
0
0
0
0
0
0
0
0
0
0
0
0
0
0
0
0
0
0
0
