70
0
70
0
70
0
70
0
70
0
70
0
70
0
70
0
70
0
70
0
70
0
70
0
70
0
70
0
70
0
70
0
71
0
71
0
71
0
71
0
71
0
71
0
71
0
71
0
71
0
72
0
72
0
72
0
72
0
73
0
73
0
73
0
74
0
74
0
74
0
74
0
75
0
79
0
77
0
75
0
75
0
75
0
75
0
79
0
79
0
76
0
76
0
77
0
77
0
81
0
81
0
80
0
79
0
79
0
79
0
80
0
106
0
156
0
156
0
156
0
156
0
156
0
156
0
188
0
188
0
158
0
158
0
158
0
153
0
153
0
153
0
153
0
153
0
153
0
155
0
155
0
156
0
152
0
152
0
152
0
152
0
152
0
152
0
152
0
152
0
152
0
151
0
0
0
151
0
151
0
151
0
151
0
151
0
152
0
152
0
152
0
152
0
152
0
152
0
152
0
153
0
153
0
153
0
153
0
153
0
153
0
153
0
153
0
153
0
154
0
154
0
154
0
154
0
155
0
155
0
156
0
158
0
161
0
160
0
161
0
163
0
160
0
118
0
67
0
163
0
163
0
163
0
163
0
163
0
162
0
162
0
163
0
165
0
0
0
163
0
163
0
165
0
165
0
167
0
167
0
167
0
166
0
166
0
167
0
168
0
173
0
176
0
169
0
169
0
169
0
175
0
178
0
181
0
181
0
179
0
179
0
181
0
181
0
181
0
168
0
142
0
142
0
141
0
140
0
140
0
140
0
140
0
139
0
139
0
139
0
139
0
139
0
139
0
139
0
139
0
138
0
138
0
139
0
138
0
138
0
138
0
139
0
139
0
139
0
139
0
139
0
139
0
139
0
139
0
139
0
139
0
139
0
140
0
140
0
140
0
140
0
140
0
141
0
141
0
141
0
141
0
143
0
143
0
267
0
267
0
267
0
267
0
267
0
267
0
267
0
267
0
267
0
267
0
267
0
267
0
61
0
61
0
61
0
60
0
60
0
60
0
59
0
59
0
0
0
58
0
58
0
58
0
58
0
58
0
57
0
0
0
57
0
56
0
56
0
56
0
55
0
55
0
55
0
55
0
55
0
55
0
54
0
54
0
54
0
54
0
54
0
54
0
0
0
53
0
53
0
53
0
53
0
53
0
53
0
53
0
53
0
53
0
53
0
52
0
52
0
52
0
52
0
52
0
52
0
52
0
52
0
52
0
52
0
52
0
52
0
52
0
52
0
0
0
52
0
53
0
53
0
53
0
53
0
53
0
53
0
53
0
53
0
53
0
54
0
54
0
54
0
54
0
54
0
54
0
55
0
55
0
55
0
56
0
56
0
56
0
56
0
56
0
45
0
45
0
51
0
57
0
57
0
58
0
58
0
59
0
59
0
59
0
60
0
60
0
60
0
61
0
61
0
62
0
90
0
90
0
90
0
91
0
91
0
91
0
86
0
0
0
75
0
74
0
73
0
73
0
72
0
72
0
72
0
72
0
72
0
71
0
71
0
71
0
71
0
71
0
70
0
70
0
70
0
70
0
70
0
70
0
70
0
70
0
70
0
70
0
70
0
70
0
70
0
69
0
69
0
0
0
0
0
0
0
0
0
0
0
0
0
0
0
0
0
0
0
0
0
