28
0
28
0
28
0
28
0
28
0
28
0
28
0
29
0
29
0
29
0
29
0
29
0
29
0
29
0
30
0
30
0
30
0
30
0
30
0
31
0
31
0
32
0
32
0
0
0
33
0
33
0
33
0
34
0
35
0
35
0
36
0
36
0
36
0
36
0
36
0
36
0
36
0
36
0
36
0
36
0
0
0
36
0
36
0
36
0
36
0
36
0
36
0
36
0
36
0
36
0
37
0
37
0
38
0
39
0
59
0
56
0
56
0
56
0
56
0
56
0
56
0
56
0
56
0
54
0
54
0
54
0
54
0
54
0
53
0
53
0
53
0
53
0
53
0
53
0
53
0
53
0
53
0
52
0
52
0
52
0
52
0
52
0
52
0
52
0
52
0
52
0
52
0
52
0
51
0
51
0
51
0
52
0
52
0
52
0
52
0
52
0
52
0
52
0
52
0
52
0
52
0
52
0
52
0
52
0
52
0
53
0
53
0
53
0
53
0
53
0
53
0
54
0
54
0
54
0
54
0
54
0
54
0
54
0
55
0
56
0
56
0
56
0
56
0
56
0
56
0
56
0
56
0
57
0
58
0
58
0
58
0
59
0
60
0
60
0
0
0
61
0
61
0
61
0
62
0
0
0
62
0
63
0
207
0
207
0
208
0
247
0
267
0
267
0
267
0
267
0
267
0
267
0
267
0
267
0
267
0
267
0
267
0
267
0
267
0
267
0
267
0
267
0
267
0
267
0
267
0
267
0
267
0
239
0
182
0
182
0
182
0
182
0
182
0
183
0
183
0
183
0
183
0
183
0
182
0
182
0
181
0
181
0
181
0
182
0
182
0
224
0
267
0
182
0
182
0
182
0
182
0
182
0
182
0
182
0
182
0
267
0
267
0
267
0
267
0
267
0
267
0
185
0
0
0
185
0
184
0
0
0
0
0
225
0
267
0
267
0
267
0
267
0
267
0
115
0
38
0
38
0
38
0
38
0
37
0
37
0
37
0
37
0
37
0
37
0
37
0
36
0
36
0
36
0
0
0
36
0
36
0
36
0
36
0
36
0
36
0
36
0
36
0
36
0
35
0
35
0
35
0
35
0
34
0
34
0
34
0
34
0
33
0
33
0
33
0
33
0
33
0
33
0
32
0
0
0
32
0
32
0
31
0
31
0
31
0
31
0
30
0
30
0
30
0
29
0
29
0
29
0
30
0
30
0
30
0
30
0
30
0
30
0
30
0
30
0
0
0
30
0
30
0
31
0
31
0
32
0
32
0
32
0
32
0
33
0
33
0
33
0
33
0
34
0
34
0
34
0
34
0
34
0
35
0
35
0
36
0
36
0
36
0
36
0
36
0
0
0
36
0
36
0
36
0
36
0
36
0
36
0
37
0
36
0
36
0
36
0
36
0
36
0
36
0
36
0
36
0
36
0
36
0
36
0
36
0
36
0
36
0
36
0
36
0
36
0
36
0
35
0
35
0
35
0
34
0
34
0
33
0
33
0
33
0
33
0
32
0
32
0
32
0
31
0
31
0
31
0
31
0
30
0
28
0
29
0
29
0
29
0
29
0
29
0
29
0
29
0
29
0
29
0
0
0
0
0
0
0
0
0
0
0
0
0
0
0
0
0
