123
0
123
0
123
0
123
0
123
0
123
0
123
0
123
0
124
0
124
0
124
0
124
0
124
0
124
0
124
0
125
0
125
0
125
0
126
0
126
0
126
0
127
0
127
0
127
0
127
0
127
0
129
0
133
0
138
0
134
0
134
0
241
0
170
0
135
0
136
0
138
0
139
0
136
0
135
0
137
0
140
0
140
0
240
0
189
0
138
0
0
0
240
0
240
0
240
0
240
0
240
0
240
0
240
0
211
0
211
0
241
0
241
0
218
0
211
0
241
0
241
0
241
0
241
0
242
0
242
0
179
0
179
0
179
0
178
0
178
0
177
0
177
0
177
0
177
0
177
0
177
0
177
0
177
0
176
0
176
0
177
0
177
0
177
0
177
0
177
0
178
0
178
0
178
0
178
0
178
0
178
0
267
0
267
0
141
0
141
0
139
0
139
0
139
0
139
0
139
0
139
0
139
0
139
0
139
0
139
0
139
0
140
0
140
0
140
0
140
0
140
0
141
0
151
0
161
0
161
0
161
0
161
0
161
0
161
0
161
0
161
0
161
0
161
0
161
0
161
0
161
0
161
0
161
0
161
0
161
0
161
0
162
0
162
0
162
0
162
0
163
0
163
0
127
0
92
0
91
0
90
0
89
0
89
0
88
0
88
0
88
0
87
0
87
0
86
0
86
0
86
0
86
0
86
0
86
0
86
0
85
0
85
0
85
0
85
0
85
0
85
0
85
0
84
0
84
0
84
0
84
0
84
0
84
0
84
0
84
0
84
0
84
0
84
0
84
0
84
0
84
0
84
0
84
0
84
0
84
0
84
0
84
0
84
0
84
0
84
0
84
0
84
0
84
0
84
0
85
0
85
0
85
0
85
0
85
0
85
0
86
0
86
0
86
0
86
0
86
0
87
0
87
0
88
0
88
0
88
0
88
0
89
0
89
0
39
0
39
0
38
0
38
0
38
0
37
0
37
0
37
0
37
0
37
0
36
0
36
0
36
0
37
0
36
0
36
0
36
0
36
0
36
0
36
0
36
0
36
0
36
0
36
0
36
0
36
0
36
0
35
0
35
0
34
0
34
0
34
0
33
0
33
0
33
0
33
0
32
0
32
0
32
0
31
0
31
0
31
0
31
0
31
0
31
0
31
0
30
0
30
0
30
0
30
0
30
0
30
0
30
0
30
0
30
0
30
0
30
0
30
0
30
0
31
0
30
0
30
0
31
0
31
0
31
0
31
0
32
0
32
0
32
0
32
0
32
0
33
0
33
0
33
0
33
0
33
0
34
0
35
0
35
0
35
0
36
0
36
0
36
0
36
0
36
0
36
0
36
0
36
0
36
0
36
0
36
0
36
0
36
0
36
0
36
0
36
0
36
0
37
0
37
0
38
0
38
0
38
0
175
0
96
0
136
0
40
0
98
0
128
0
127
0
127
0
127
0
127
0
267
0
267
0
126
0
125
0
125
0
125
0
125
0
124
0
124
0
124
0
124
0
124
0
124
0
124
0
124
0
124
0
124
0
123
0
123
0
123
0
123
0
123
0
123
0
123
0
123
0
123
0
123
0
123
0
123
0
123
0
0
0
0
0
0
0
0
0
0
0
0
0
0
0
0
0
0
0
0
0
