28
28
28
28
29
28
28
28
28
28
28
29
29
29
29
29
29
29
29
29
30
31
31
31
31
32
33
33
34
34
35
35
36
36
36
36
36
36
36
36
36
36
36
36
36
37
37
37
37
37
37
38
38
38
38
38
38
39
38
38
38
39
49
55
56
55
55
55
55
55
54
54
54
54
53
0
53
53
53
53
53
53
53
53
52
52
52
52
52
52
52
52
52
52
52
52
52
52
52
52
52
52
52
52
52
52
53
53
53
53
53
53
53
53
53
54
54
54
54
54
54
55
55
0
55
56
56
57
57
56
56
57
57
57
58
59
60
158
208
208
208
209
267
267
267
267
267
267
267
267
267
267
267
267
267
267
267
267
267
267
267
227
187
186
186
185
185
184
184
184
184
184
184
184
183
183
183
183
183
183
183
183
183
183
183
183
183
183
183
183
183
183
183
183
183
183
183
183
183
183
183
183
183
183
184
184
184
184
184
185
185
185
186
187
187
187
187
213
267
267
267
267
267
267
267
267
267
114
38
38
38
38
37
37
37
37
37
37
36
36
36
36
36
36
36
36
36
36
36
36
36
36
35
35
35
35
34
34
34
34
33
33
33
33
32
32
32
32
32
31
31
31
31
30
30
30
30
30
30
30
30
30
30
31
31
0
31
31
31
31
32
32
32
33
33
33
33
33
33
34
34
34
34
35
35
36
36
36
36
36
36
36
36
36
36
36
37
36
36
36
36
36
36
37
37
36
36
37
37
36
39
39
36
36
36
36
36
36
36
36
36
36
36
36
36
36
33
33
32
32
33
33
33
32
31
31
31
29
29
29
