69
69
69
69
69
69
69
69
69
69
69
69
69
69
69
69
69
69
69
69
70
70
70
70
70
70
70
70
71
71
71
71
72
72
73
73
73
73
73
74
75
77
77
76
75
77
77
79
78
77
77
140
267
267
267
267
267
267
194
158
267
267
267
267
267
267
267
267
210
154
154
154
154
153
153
154
154
180
180
154
153
153
153
153
152
152
152
152
153
153
153
153
152
152
152
152
153
153
153
153
153
153
153
153
153
153
153
153
153
154
154
154
154
154
154
155
156
156
157
164
165
166
162
159
162
165
168
168
167
166
166
167
169
170
167
168
173
183
182
182
182
182
182
182
182
182
182
183
183
183
183
182
182
182
183
183
184
183
206
235
184
185
254
254
254
254
254
255
261
267
267
267
267
267
267
267
267
267
267
267
267
267
267
267
267
267
267
267
267
267
267
267
0
267
267
267
267
267
267
267
267
267
267
267
267
267
267
267
267
267
267
267
267
267
267
267
267
267
267
267
267
267
267
267
267
61
61
62
60
59
59
59
59
58
58
57
57
57
57
57
57
56
56
56
55
55
55
55
54
54
54
54
54
53
53
53
53
53
53
53
53
53
53
53
52
52
52
52
52
52
52
52
52
52
52
52
52
52
52
52
52
52
52
52
52
52
52
52
52
53
53
53
53
53
53
53
53
54
54
54
55
55
55
55
55
56
56
56
56
57
57
57
57
58
58
59
59
60
60
60
60
61
88
79
75
75
79
87
87
88
73
74
75
73
72
72
72
71
71
71
70
70
71
71
70
70
70
70
70
70
69
69
69
69
69
69
69
69
69
69
