126
126
127
126
126
126
126
126
127
127
127
127
127
127
128
128
128
128
128
128
128
128
128
128
131
134
131
133
135
135
138
137
137
136
137
138
137
137
137
138
139
138
138
138
139
245
245
245
245
244
244
245
245
245
245
245
245
246
246
246
246
247
247
247
247
247
267
267
267
267
267
267
267
267
267
267
267
267
267
267
267
267
267
267
267
267
267
267
267
267
267
267
267
267
267
267
267
267
216
165
163
155
141
141
140
140
140
140
140
140
140
140
140
140
141
150
160
160
160
160
160
160
160
160
160
160
160
160
160
160
160
160
160
160
160
160
160
161
161
162
161
161
161
161
162
162
163
163
163
163
164
164
167
167
219
219
219
175
87
87
87
86
86
86
86
85
85
85
84
84
84
84
84
84
84
84
84
83
83
83
83
83
83
83
83
83
83
83
83
83
84
84
84
84
84
84
84
85
85
85
85
85
85
86
86
86
86
87
177
267
177
88
88
89
267
267
267
267
39
153
267
39
38
38
38
38
38
38
37
37
37
37
37
37
37
37
36
36
36
36
36
36
36
36
36
36
36
35
35
34
34
34
34
33
33
33
33
32
32
32
32
32
32
32
32
32
31
31
31
31
31
31
31
31
31
31
31
31
31
32
32
32
32
32
32
32
32
32
32
33
33
33
34
34
34
34
35
35
35
35
35
36
36
36
36
36
36
36
37
36
36
37
37
37
37
37
37
37
38
38
38
38
38
38
38
38
39
39
40
131
131
132
267
267
267
178
134
130
129
129
128
128
130
232
162
127
127
127
127
127
127
127
127
127
127
127
127
127
127
127
