29
29
29
28
28
28
28
28
28
28
29
29
29
30
30
30
30
30
30
30
32
32
32
32
33
33
34
34
34
36
36
36
36
36
36
36
36
36
36
37
36
36
38
40
38
36
36
36
36
38
38
38
37
36
36
36
36
36
36
36
36
36
36
36
36
35
35
35
35
34
34
33
33
33
32
32
32
31
31
31
31
31
31
31
30
30
30
30
30
30
30
30
30
30
30
30
30
30
30
30
30
30
31
31
31
31
32
32
32
32
32
33
33
33
36
35
34
35
36
35
35
36
36
36
36
36
37
36
36
36
36
267
267
37
36
36
36
37
39
191
267
267
267
114
38
38
38
39
39
39
40
40
267
267
267
267
267
267
267
213
186
186
185
184
184
184
184
184
184
183
183
183
183
183
183
183
183
183
183
183
183
183
183
183
183
183
183
183
183
183
183
183
183
183
183
183
183
183
184
184
184
184
185
185
185
185
185
185
186
187
267
267
267
267
267
267
267
267
267
267
267
267
267
267
198
61
60
60
60
59
59
59
59
58
58
0
57
57
57
57
57
56
56
56
56
55
55
55
55
55
55
54
54
54
54
54
53
53
53
53
53
53
53
53
53
53
53
53
53
53
53
53
53
53
53
53
53
53
53
53
53
53
53
53
53
53
53
54
54
54
54
54
54
54
54
55
55
55
55
55
56
57
57
57
57
58
58
58
60
62
60
59
59
60
49
38
37
37
38
37
37
36
36
37
37
37
36
36
36
36
36
36
36
36
36
36
35
35
35
34
33
33
33
32
32
31
31
31
30
30
30
30
29
29
30
29
29
29
29
29
