31
31
31
31
31
31
31
31
31
31
31
32
32
32
32
32
32
32
33
33
33
33
33
33
34
35
35
35
35
35
36
36
36
36
36
36
36
36
36
36
36
36
37
36
36
37
37
37
38
38
38
38
38
38
38
39
39
40
40
40
42
41
41
41
39
39
39
39
40
40
39
39
39
39
39
39
39
38
38
38
38
38
38
38
38
38
38
38
38
38
38
38
38
38
38
38
38
38
38
38
38
38
38
38
38
38
38
39
39
39
39
39
0
39
39
39
40
40
40
40
41
41
41
41
42
42
42
42
42
43
43
43
43
44
44
45
45
45
47
47
49
49
49
53
57
59
58
56
57
57
57
57
56
56
55
55
55
54
54
55
55
54
54
54
53
53
53
53
53
53
53
53
53
53
53
53
53
53
53
53
53
53
53
53
53
53
53
53
53
53
53
53
53
53
53
53
53
54
54
54
54
54
54
54
54
54
54
55
55
55
56
56
56
56
57
57
57
57
58
58
58
58
59
59
59
60
61
61
267
267
267
267
267
267
267
267
267
267
267
267
267
267
267
267
267
267
267
267
170
170
170
170
169
169
169
169
169
169
169
168
168
168
169
169
169
169
168
168
168
168
168
168
168
168
169
169
169
169
169
169
169
169
169
218
267
171
203
267
267
267
267
267
267
267
267
267
267
267
267
267
267
267
267
267
267
267
267
267
267
153
39
38
38
38
37
37
37
37
38
37
37
37
37
37
36
36
36
36
36
36
36
36
36
36
36
36
36
35
34
34
34
34
34
34
33
33
33
33
32
33
33
33
33
33
33
33
33
33
32
32
